DIM 3
---
EXTRUDE Z
PATTERN CROSS
LAYERS 1
DEPTH 6
---

JOINTS 18
1    0.0   0.0
2    6.0   0.0
3   12.0   0.0
4   18.0   0.0
5   24.0   0.0
6   30.0   0.0
7   36.0   0.0
8   42.0   0.0
9   48.0   0.0

10  48.0   8.0
11  42.0   8.0
12  36.0   8.0
13  30.0   8.0
14  24.0   8.0
15  18.0   8.0
16  12.0   8.0
17   6.0   8.0
18   0.0   8.0

---

MEMBERS 33
1    1   2   0.18  Steel
2    2   3   0.18  Steel
3    3   4   0.18  Steel
4    4   5   0.18  Steel
5    5   6   0.18  Steel
6    6   7   0.18  Steel
7    7   8   0.18  Steel
8    8   9   0.18  Steel

9   10  11   0.22  Steel
10  11  12   0.22  Steel
11  12  13   0.22  Steel
12  13  14   0.22  Steel
13  14  15   0.22  Steel
14  15  16   0.22  Steel
15  16  17   0.22  Steel
16  17  18   0.22  Steel

17   1  18   0.14  Steel
18   2  17   0.14  Steel
19   3  16   0.14  Steel
20   4  15   0.14  Steel
21   5  14   0.16  Steel
22   6  13   0.14  Steel
23   7  12   0.14  Steel
24   8  11   0.14  Steel
25   9  10   0.14  Steel

26  18   2   0.15  Steel
27  17   3   0.15  Steel
28  16   4   0.15  Steel
29  15   5   0.15  Steel

30  10   8   0.15  Steel
31  11   7   0.15  Steel
32  12   6   0.15  Steel
33  13   5   0.15  Steel

---

CONSTRAINTS 25
1    1   X   0.0
2    1   Y   0.0
3    1   Z   0.0
4    9   Y   0.0
5    9   Z   0.0

6   19   X   0.0
7   19   Y   0.0
8   19   Z   0.0
9   27   Y   0.0
10  27   Z   0.0

---

LOADS 45
1    1   Y   -40000
2    2   Y   -80000
3    3   Y   -120000
4    4   Y   -180000
5    5   Y   -200000
6    6   Y   -180000
7    7   Y   -120000
8    8   Y   -80000
9    9   Y   -40000

10  19   Y   -40000
11  20   Y   -80000
12  21   Y   -120000
13  22   Y   -180000
14  23   Y   -200000
15  24   Y   -180000
16  25   Y   -120000
17  26   Y   -80000
18  27   Y   -40000
